# transform file /out/freesurfer/sub-0001/mri/transforms/cc_up.lta
# created by root on Sat Mar  2 19:15:59 2019

type      = 0 # LINEAR_VOX_TO_VOX
nxforms   = 1
mean      = 128.0000 147.0000 126.0000
sigma     = 10000.0000
1 4 4
9.988883137702942e-01 4.713809490203857e-02 -5.645277560688555e-04 -6.937838077545166e+00 
-4.713808745145798e-02 9.988884329795837e-01 2.664037310751155e-05 6.178154945373535e+00 
5.651559913530946e-04 1.818989620386291e-12 9.999999403953552e-01 1.192761611938477e+01 
0.000000000000000e+00 0.000000000000000e+00 0.000000000000000e+00 1.000000000000000e+00 
src volume info
valid = 1  # volume info valid
filename = /out/freesurfer/sub-0001/mri/norm.mgz
volume = 256 256 256
voxelsize = 1.000000000000000e+00 1.000000000000000e+00 1.000000000000000e+00
xras   = -1.000000119209290e+00 1.513399183750153e-09 0.000000000000000e+00
yras   = 0.000000000000000e+00 0.000000000000000e+00 -1.000000000000000e+00
zras   = 3.492459654808044e-10 1.000000119209290e+00 -3.725290298461914e-09
cras   = 5.059356689453125e-01 8.322601318359375e+00 3.980215454101562e+01
dst volume info
valid = 1  # volume info valid
filename = /out/freesurfer/sub-0001/mri/norm.mgz
volume = 256 256 256
voxelsize = 1.000000000000000e+00 1.000000000000000e+00 1.000000000000000e+00
xras   = -1.000000119209290e+00 1.513399183750153e-09 0.000000000000000e+00
yras   = 0.000000000000000e+00 0.000000000000000e+00 -1.000000000000000e+00
zras   = 3.492459654808044e-10 1.000000119209290e+00 -3.725290298461914e-09
cras   = 5.059356689453125e-01 8.322601318359375e+00 3.980215454101562e+01
