# transform file transforms/talairach.lta
# created by root on Sat Mar  2 17:19:55 2019

type      = 0 # LINEAR_VOX_TO_VOX
nxforms   = 1
mean      = 128.0000 148.0000 126.0000
sigma     = 10000.0000
1 4 4
1.031979680061340e+00 6.633079797029495e-02 2.324946038424969e-02 -1.768151092529297e+01 
-5.728182196617126e-02 1.161633849143982e+00 1.083512529730797e-01 -4.963821029663086e+01 
-1.793236099183559e-02 -1.195731759071350e-01 9.772048592567444e-01 7.812837123870850e+00 
0.000000000000000e+00 0.000000000000000e+00 0.000000000000000e+00 1.000000000000000e+00 
src volume info
valid = 1  # volume info valid
filename = nu.mgz
volume = 256 256 256
voxelsize = 1.000000000000000e+00 1.000000000000000e+00 1.000000000000000e+00
xras   = -1.000000119209290e+00 1.513399183750153e-09 0.000000000000000e+00
yras   = 0.000000000000000e+00 0.000000000000000e+00 -1.000000000000000e+00
zras   = 3.492459654808044e-10 1.000000119209290e+00 -3.725290298461914e-09
cras   = 5.059356689453125e-01 8.322601318359375e+00 3.980215454101562e+01
dst volume info
valid = 1  # volume info valid
filename = /opt/freesurfer/average/RB_all_2016-05-10.vc700.gca
volume = 256 256 256
voxelsize = 1.000000000000000e+00 1.000000000000000e+00 1.000000000000000e+00
xras   = -1.000000000000000e+00 0.000000000000000e+00 0.000000000000000e+00
yras   = 0.000000000000000e+00 0.000000000000000e+00 -1.000000000000000e+00
zras   = 0.000000000000000e+00 1.000000000000000e+00 0.000000000000000e+00
cras   = 0.000000000000000e+00 0.000000000000000e+00 0.000000000000000e+00
