# transform file /out/freesurfer/sub-0002/mri/transforms/cc_up.lta
# created by root on Fri Mar  8 04:41:42 2019

type      = 0 # LINEAR_VOX_TO_VOX
nxforms   = 1
mean      = 127.0000 143.0000 127.0000
sigma     = 10000.0000
1 4 4
9.951376318931580e-01 -4.551300313323736e-03 -9.839002043008804e-02 1.278281307220459e+01 
4.529216326773167e-03 9.999897480010986e-01 -4.478070768527687e-04 5.478893756866455e+00 
9.839104115962982e-02 -2.910383392618066e-11 9.951479434967041e-01 -1.923102974891663e+00 
0.000000000000000e+00 0.000000000000000e+00 0.000000000000000e+00 1.000000000000000e+00 
src volume info
valid = 1  # volume info valid
filename = /out/freesurfer/sub-0002/mri/norm.mgz
volume = 256 256 256
voxelsize = 1.000000000000000e+00 1.000000000000000e+00 1.000000000000000e+00
xras   = -1.000000000000000e+00 2.793967723846436e-09 0.000000000000000e+00
yras   = 1.862645149230957e-09 1.490116119384766e-08 -1.000000000000000e+00
zras   = -1.071020960807800e-08 1.000000000000000e+00 -1.490116119384766e-08
cras   = 3.130599975585938e+00 -1.862998962402344e+00 2.151000976562500e+01
dst volume info
valid = 1  # volume info valid
filename = /out/freesurfer/sub-0002/mri/norm.mgz
volume = 256 256 256
voxelsize = 1.000000000000000e+00 1.000000000000000e+00 1.000000000000000e+00
xras   = -1.000000000000000e+00 2.793967723846436e-09 0.000000000000000e+00
yras   = 1.862645149230957e-09 1.490116119384766e-08 -1.000000000000000e+00
zras   = -1.071020960807800e-08 1.000000000000000e+00 -1.490116119384766e-08
cras   = 3.130599975585938e+00 -1.862998962402344e+00 2.151000976562500e+01
