# transform file transforms/talairach.lta
# created by root on Fri Mar  8 02:11:45 2019

type      = 0 # LINEAR_VOX_TO_VOX
nxforms   = 1
mean      = 127.0000 143.0000 126.0000
sigma     = 10000.0000
1 4 4
1.095127344131470e+00 -2.342563867568970e-02 -1.038613915443420e-01 2.491834878921509e+00 
7.418594509363174e-02 1.167378306388855e+00 3.435073196887970e-01 -9.104389953613281e+01 
1.266227364540100e-01 -3.103309571743011e-01 1.026024580001831e+00 8.330598831176758e+00 
0.000000000000000e+00 0.000000000000000e+00 0.000000000000000e+00 1.000000000000000e+00 
src volume info
valid = 1  # volume info valid
filename = nu.mgz
volume = 256 256 256
voxelsize = 1.000000000000000e+00 1.000000000000000e+00 1.000000000000000e+00
xras   = -1.000000000000000e+00 2.793967723846436e-09 0.000000000000000e+00
yras   = 1.862645149230957e-09 1.490116119384766e-08 -1.000000000000000e+00
zras   = -1.071020960807800e-08 1.000000000000000e+00 -1.490116119384766e-08
cras   = 3.130599975585938e+00 -1.862998962402344e+00 2.151000976562500e+01
dst volume info
valid = 1  # volume info valid
filename = /opt/freesurfer/average/RB_all_2016-05-10.vc700.gca
volume = 256 256 256
voxelsize = 1.000000000000000e+00 1.000000000000000e+00 1.000000000000000e+00
xras   = -1.000000000000000e+00 0.000000000000000e+00 0.000000000000000e+00
yras   = 0.000000000000000e+00 0.000000000000000e+00 -1.000000000000000e+00
zras   = 0.000000000000000e+00 1.000000000000000e+00 0.000000000000000e+00
cras   = 0.000000000000000e+00 0.000000000000000e+00 0.000000000000000e+00
