type      = 1 # LINEAR_RAS_TO_RAS
nxforms   = 1
mean      = 0.0000 0.0000 0.0000
sigma     = 1.0000
1 4 4
1.194296956062317e+00 1.140070036053658e-01 -3.270100057125092e-02 -2.300704956054688e+00 
-1.209369972348213e-01 1.079859018325806e+00 4.248639941215515e-01 -1.775588989257812e+01 
7.602500170469284e-02 -4.281890094280243e-01 1.169870972633362e+00 -1.152395629882812e+01 
0.000000000000000e+00 0.000000000000000e+00 0.000000000000000e+00 1.000000000000000e+00 
src volume info
valid = 1  # volume info valid
filename = /out/freesurfer/sub-0002/mri/orig_nu.mgz
volume = 256 256 256
voxelsize = 1.000000000000000e+00 1.000000000000000e+00 1.000000000000000e+00
xras   = -1.000000000000000e+00 2.793967723846436e-09 0.000000000000000e+00
yras   = 1.862645149230957e-09 1.490116119384766e-08 -1.000000000000000e+00
zras   = -1.071020960807800e-08 1.000000000000000e+00 -1.490116119384766e-08
cras   = 3.130599975585938e+00 -1.862998962402344e+00 2.151000976562500e+01
dst volume info
valid = 1  # volume info valid
filename = /opt/freesurfer/average/mni305.cor.mgz
volume = 256 256 256
voxelsize = 1.000000000000000e+00 1.000000000000000e+00 1.000000000000000e+00
xras   = -1.000000000000000e+00 0.000000000000000e+00 0.000000000000000e+00
yras   = 0.000000000000000e+00 0.000000000000000e+00 -1.000000000000000e+00
zras   = 0.000000000000000e+00 1.000000000000000e+00 0.000000000000000e+00
cras   = 0.000000000000000e+00 0.000000000000000e+00 0.000000000000000e+00
subject fsaverage
fscale 0.100000
