# transform file /home/nikhil/projects/neurodocker/nipype_tutorial/freesurfer/sub001/mri/transforms/cc_up.lta
# created by nikhil on Tue Apr  6 15:19:41 2021

type      = 0 # LINEAR_VOX_TO_VOX
nxforms   = 1
mean      = 129.0000 135.0000 129.0000
sigma     = 10000.0000
1 4 4
9.974024295806885e-01 -4.251025244593620e-02 5.814732611179352e-02 -1.239935994148254e+00 
4.243819415569305e-02 9.990959763526917e-01 2.474094275385141e-03 6.396048545837402e+00 
-5.819993838667870e-02 0.000000000000000e+00 9.983048439025879e-01 6.610050201416016e+00 
0.000000000000000e+00 0.000000000000000e+00 0.000000000000000e+00 1.000000000000000e+00 
src volume info
valid = 1  # volume info valid
filename = /home/nikhil/projects/neurodocker/nipype_tutorial/freesurfer/sub001/mri/norm.mgz
volume = 256 256 256
voxelsize = 1.000000000000000e+00 1.000000000000000e+00 1.000000000000000e+00
xras   = -1.000000000000000e+00 0.000000000000000e+00 0.000000000000000e+00
yras   = 0.000000000000000e+00 0.000000000000000e+00 -1.000000000000000e+00
zras   = 0.000000000000000e+00 1.000000000000000e+00 0.000000000000000e+00
cras   = -8.583132171630859e+01 -9.457855224609375e-01 5.000000000000000e-01
dst volume info
valid = 1  # volume info valid
filename = /home/nikhil/projects/neurodocker/nipype_tutorial/freesurfer/sub001/mri/norm.mgz
volume = 256 256 256
voxelsize = 1.000000000000000e+00 1.000000000000000e+00 1.000000000000000e+00
xras   = -1.000000000000000e+00 0.000000000000000e+00 0.000000000000000e+00
yras   = 0.000000000000000e+00 0.000000000000000e+00 -1.000000000000000e+00
zras   = 0.000000000000000e+00 1.000000000000000e+00 0.000000000000000e+00
cras   = -8.583132171630859e+01 -9.457855224609375e-01 5.000000000000000e-01
