# transform file transforms/talairach_with_skull.lta
# created by nikhil on Tue Apr  6 12:11:55 2021

type      = 0 # LINEAR_VOX_TO_VOX
nxforms   = 1
mean      = 129.0000 157.0000 140.0000
sigma     = 10000.0000
1 4 4
1.042325973510742e+00 -3.924698382616043e-02 4.048125073313713e-02 -7.795707702636719e+00 
3.624658659100533e-02 1.252970337867737e+00 2.024739608168602e-02 -5.292900085449219e+01 
-7.761660963296890e-02 1.142661087214947e-03 1.019986867904663e+00 -1.212160015106201e+01 
0.000000000000000e+00 0.000000000000000e+00 0.000000000000000e+00 1.000000000000000e+00 
src volume info
valid = 1  # volume info valid
filename = nu.mgz
volume = 256 256 256
voxelsize = 1.000000000000000e+00 1.000000000000000e+00 1.000000000000000e+00
xras   = -1.000000000000000e+00 0.000000000000000e+00 0.000000000000000e+00
yras   = 0.000000000000000e+00 0.000000000000000e+00 -1.000000000000000e+00
zras   = 0.000000000000000e+00 1.000000000000000e+00 0.000000000000000e+00
cras   = -8.583132171630859e+01 -9.457855224609375e-01 5.000000000000000e-01
dst volume info
valid = 1  # volume info valid
filename = /opt/freesurfer-6.0.0-min/average/RB_all_withskull_2016-05-10.vc700.gca
volume = 256 256 256
voxelsize = 1.000000000000000e+00 1.000000000000000e+00 1.000000000000000e+00
xras   = -1.000000000000000e+00 0.000000000000000e+00 0.000000000000000e+00
yras   = 0.000000000000000e+00 0.000000000000000e+00 -1.000000000000000e+00
zras   = 0.000000000000000e+00 1.000000000000000e+00 0.000000000000000e+00
cras   = 0.000000000000000e+00 0.000000000000000e+00 0.000000000000000e+00
