# transform file /out/freesurfer/sub-031624/mri/transforms/cc_up.lta
# created by smriprep on Fri May 28 11:31:16 2021

type      = 0 # LINEAR_VOX_TO_VOX
nxforms   = 1
mean      = 127.0000 138.0000 115.0000
sigma     = 10000.0000
1 4 4
9.981138110160828e-01 4.253173619508743e-02 -4.426635429263115e-02 9.008908271789551e-02 
-4.248996824026108e-02 9.990949630737305e-01 1.884430414065719e-03 1.529572105407715e+01 
4.430644959211349e-02 0.000000000000000e+00 9.990178346633911e-01 1.248110198974609e+01 
0.000000000000000e+00 0.000000000000000e+00 0.000000000000000e+00 1.000000000000000e+00 
src volume info
valid = 1  # volume info valid
filename = /out/freesurfer/sub-031624/mri/norm.mgz
volume = 256 256 256
voxelsize = 1.000000000000000e+00 1.000000000000000e+00 1.000000000000000e+00
xras   = -1.000000000000000e+00 0.000000000000000e+00 0.000000000000000e+00
yras   = 0.000000000000000e+00 0.000000000000000e+00 -1.000000000000000e+00
zras   = 0.000000000000000e+00 1.000000000000000e+00 0.000000000000000e+00
cras   = -4.222892761230469e+00 1.651806640625000e+01 2.663854980468750e+01
dst volume info
valid = 1  # volume info valid
filename = /out/freesurfer/sub-031624/mri/norm.mgz
volume = 256 256 256
voxelsize = 1.000000000000000e+00 1.000000000000000e+00 1.000000000000000e+00
xras   = -1.000000000000000e+00 0.000000000000000e+00 0.000000000000000e+00
yras   = 0.000000000000000e+00 0.000000000000000e+00 -1.000000000000000e+00
zras   = 0.000000000000000e+00 1.000000000000000e+00 0.000000000000000e+00
cras   = -4.222892761230469e+00 1.651806640625000e+01 2.663854980468750e+01
